
1415926535 8214808651 4428810975 7245870066 3305727036 9333673362 0005681271 4201995611 5024459455 5982534904 
0628620899 8521105559 4543266432 4882046652 1885752724 2931767523 4654958537 2978049951 5875332083 9550031194 
5820974944 4811174502 4564856692 7892590360 0744623799 6094370277 1468440901 5187072113 7101000313 8903894223 
5028841971 5058223172 3786783165 9628292540 8193261179 6395224737 7577896091 5981362977 3344685035 8823537875 
8979323846 3282306647 6659334461 0631558817 5759591953 4406566430 4526356082 2129021960 3469083026 2875546873 
8628034825 6446229489 1339360726 1384146951 6912279381 8467481846 1050792279 0597317328 8142061717 6252505467 
5923078164 8410270193 3460348610 0113305305 6274956735 0539217176 2249534301 4999999837 7836752886 2858849455 
6939937510 5359408128 2712019091 9171536436 3105118548 1907021798 7363717872 4771309960 2619311881 9375195778 
2643333279 0938446095 2847564823 4881520920 0921861173 8602139494 7785771342 8640344181 4252230825 1159562863 
3421170679 549303$196 0249141273 9415116094 8301194912 7669405132 6892589235 1609631859 7669147303 4157424218